5957
6401
6964
3723
7383
2835
3551
4988
882
5704
7164
8864
8186
2019
4521
3182
9839
2264
7145
7011
6107
8586
4413
10000
7683
3071
5057
1060
8635
4562
3671
7010
2822
1276
6372
4174
8214
2857
4230
308
7922
3029
7530
2256
393
9631
2768
5262
835
9430
2927
7140
9297
1410
7002
6864
3938
2038
4853
4071
4802
6563
4307
3691
4880
901
8044
9894
3975
7962
892
2954
9327
2816
2418
7942
7289
270
91
8421
4095
7391
7330
9364
8429
5299
6840
7927
2094
325
8458
846
9963
788
7546
9305
8967
2024
6384
3736
8818
7832
7070
5702
7967
209
5569
3026
8532
4875
9315
7251
632
4721
1785
3706
3912
1698
8409
5697
6295
5415
858
6827
1031
8094
8103
2437
7641
7643
6549
8156
5286
1491
6291
6872
2286
1424
5090
1222
8273
3165
2857
6581
5197
5212
3371
4308
1508
3192
4557
6788
8479
6651
4379
808
6327
2922
2188
8846
9721
7268
430
4486
3655
9470
9689
8155
4175
5634
4930
1419
4699
3078
8460
75
792
6382
2705
2931
5518
714
1737
8308
3399
7855
4497
9743
2679
3302
1046
5448
6502
935
2427
1968
6687
5051
8090
1636
5493
7402
1081
180
253
4286
2499
1697
1099
6337
8435
6825
4229
8421
65
2183
6487
2949
478
3521
3334
1082
427
5126
2816
5943
4480
1927
8134
6617
2416
9647
914
9470
1892
5820
6355
1388
8338
385
4500
8614
4149
4901
6230
4313
9549
5252
5038
3733
1764
5007
5051
4625
8051
328
613
3325
6229
8300
9514
4536
9821
4405
4302
4877
7535
8748
8396
7679
9758
5125
1836
9061
7654
6153
7052
8284
6481
8632
8727
7466
9899
4391
9167
7170
4285
5025
1478
4217
1740
4265
606
7114
9653
4697
9375
9361
1462
2971
1650
2940
4392
6325
1926
8656
802
5319
3089
9569
2529
8397
490
9792
1052
5654
8025
6231
6989
3171
391
6817
3553
3863
1294
7783
1223
9804
8093
5952
5539
5383
9113
4421
1972
325
3442
7754
8486
9706
3397
921
1798
4518
4324
3089
9054
3944
2452
2778
9399
2391
854
6690
5610
571
5851
2082
6000
9799
1285
9192
2815
6329
7132
6134
3766
1515
3873
24
5566
3624
4643
6275
8382
465
7986
4175
7497
1730
6486
9663
7173
4442
2001
2361
451
9328
3503
6458
730
9033
4605
8291
8335
2067
3964
1167
4120
1202
6110
1360
1574
2601
3306
3736
698
8943
8082
5608
9505
6971
8694
5137
9464
8569
8538
6605
4729
3834
4465
4848
2697
2819
8383
3042
7204
2066
4217
7465
5529
3740
5786
1182
3373
6015
2255
4482
1301
8968
7653
2142
2778
2242
6333
7540
7836
1064
1034
3312
8511
9928
5619
3681
2925
2763
6911
5907
4587
6027
8798
6947
6903
8562
1491
8224
3036
6994
6888
5019
8452
9523
8673
6785
5681
6575
4465
1835
5510
2412
1207
929
5524
5570
381
3901
1965
4917
848
923
9142
8947
3208
936
8384
8837
2759
3235
9657
3554
4002
2683
9095
2397
593
7100
1690
732
6206
5776
2544
2626
1386
9598
5721
8926
4764
4519
2629
4592
5234
1541
1029
2751
3209
9005
5583
6413
9505
5563
6717
8137
5653
5626
4909
9706
1580
7793
3927
7332
7135
36
446
9870
4372
6672
9941
4343
6410
6347
1881
7210
922
7905
2591
2339
4194
9770
8007
470
2609
5462
3769
4994
3897
7495
9804
2337
9430
3197
554
6491
5806
7697
9302
4282
8653
8099
1169
7372
1005
2508
8818
3907
7602
6112
7544
1571
1988
9021
3759
8324
9273
4183
2805
6312
5054
8541
1042
6459
4892
8888
8573
2038
967
6479
8759
3358
348
9629
6285
3872
7740
1092
4681
9658
5264
7208
4782
6128
1672
5800
9682
7681
1035
6538
2012
5349
1312
5582
7828
4006
8886
3489
26
7819
9417
9664
5377
3835
949
1598
7264
6720
9712
7227
1324
9095
8567
2903
9804
7804
430
3925
2187
7376
2895
3682
6918
7769
702
9132
1659
6102
7022
6509
3709
9875
314
4016
4272
2420
2172
6460
9738
1941
7277
5360
4764
8447
3660
4730
6312
8309
6330
441
3076
3354
831
2737
5976
3025
237
3119
2226
8756
2527
5787
3552
6428
6783
5449
8068
4115
7037
2017
996
7360
2790
3937
1082
2644
8753
3476
1809
8414
3331
7058
4070
7921
4704
3997
6575
876
3630
8569
716
2484
5316
3078
9271
1507
4694
2178
631
9846
8680
3819
6194
2604
5723
3264
3949
4045
5776
5199
5534
6633
5849
849
6630
5197
392
129
4303
6435
3100
6541
2391
2606
7081
928
3631
3876
4655
5606
3211
1659
2124
4990
6259
5328
8384
9757
6745
5109
8603
3159
4327
487
9600
1408
605
7189
2676
5519
9101
3281
563
8442
9048
8010
4154
4273
7323
2655
6860
1905
2842
7134
3014
9777
8771
8086
4167
2737
9562
9365
8248
769
9682
7678
9661
5214
8771
6345
8994
263
3472
6430
7454
6712
8409
2678
313
3798
6766
8794
6983
3724
6371
499
2252
8340
8629
7092
4475
9299
7231
176
655
2624
1938
9389
4405
5512
9975
25
4828
862
8104
7364
206
4318
2648
3650
7894
4949
1859
2450
1263
5245
4378
6936
3003
9232
3695
3752
8128
8624
6071
9033
5780
9704
7212
9000
5092
6208
9689
2410
5505
2342
3197
7225
1260
6394
5088
9662
6410
8846
7670
1814
5905
4197
7382
1987
8312
7435
7416
7250
9082
6752
6319
8545
3
8285
4670
8384
5730
215
9318
1212
9491
3690
3074
947
6878
7764
7671
787
6083
897
6919
49
701
1071
2298
3800
4280
384
7762
8556
5580
4662
4822
6294
3440
3738
2295
4898
7808
7758
2531
2155
7547
2931
5902
1934
5963
4933
5282
9407
6941
4040
6739
8396
2376
8959
7031
2438
6994
459
7380
9881
8523
8412
3691
3300
7771
7337
1273
3772
7161
8739
9438
965
9115
8780
7307
1592
6759
8564
2939
5079
1881
846
7901
728
4381
3252
7386
7510
320
1691
7562
8312
1182
3264
9376
6709
9561
68
1836
2304
5047
9793
8625
6745
7127
3052
6087
5941
1525
1777
9899
326
7143
6253
8489
2444
1772
4994
8848
5284
9183
9244
7138
8907
9170
9075
7105
6000
607
1713
3926
7952
8331
6009
9376
1220
4792
2669
9948
4794
7537
7751
2454
3922
8169
9228
8110
7145
1958
1339
8374
7689
3383
1336
9972
4035
3294
7409
3293
4199
5340
2259
2391
953
741
3026
5819
128
6019
1002
6184
472
9256
8683
449
7086
2613
9370
1483
5724
5139
6518
8498
210
6866
9173
189
7768
4659
2028
5454
3481
8684
3017
9073
611
7121
9363
4291
1408
3897
3542
6286
8453
4660
2719
888
4582
1872
7616
9010
1576
1802
1294
5746
5512
9526
954
97
4513
9009
8004
2147
3684
1043
5715
5672
1006
9408
7111
6253
302
917
5001
2506
2447
3502
9051
3222
7097
8873
2263
3151
800
1848
9063
8805
554
9410
5744
1962
9088
4451
147
4983
7694
6166
2426
8893
1592
4926
5197
6205
51
5047
3324
7189
1625
1408
8155
5490
9919
1431
77
6547
4254
7919
4492
5940
5469
5784
745
2060
6884
9324
8339
4041
8347
8238
1559
578
3601
2085
6891
132
7204
181
6279
764
3292
28
2594
1610
8205
4820
7997
2388
3328
9
8436
175
8449
1343
4194
1387
416
2738
9293
2328
5834
8148
948
9347
1977
1017
9640
5347
439
7936
3858
6912
9158
6703
1603
8885
917
1718
3183
9694
2287
6879
3437
2231
2624
3372
8244
7603
682
9243
9562
128
9121
2133
9617
6689
9101
8879
177
3255
7819
2239
1576
9862
8051
6811
773
7243
4461
3969
4468
1076
5045
3758
4926
1811
6736
7986
5737
9622
3966
9944
6342
5075
9849
6952
2580
4739
2369
5249
8061
7868
7626
4148
3231
1839
9370
6283
6108
7457
1761
8305
9162
2921
4350
8462
2333
3779
2060
858
4285
4115
3369
3006
9809
741
644
1724
6128
7304
9358
9783
4421
7008
1639
4911
7886
2015
3348
5484
2076
751
6267
2727
6913
5320
1355
6914
6812
7348
57
6582
5712
8540
1437
4845
4259
5483
8547
1728
7500
7076
5247
5494
9553
3418
7335
1454
2484
5453
879
7332
1997
8963
8449
7253
8426
6509
7842
7343
3176
6332
788
6483
490
563
9433
7212
3223
8014
4450
2019
5189
7496
6708
7677
3826
9693
8926
994
8850
1207
862
239
7765
984
576
2633
331
1961
9837
8853
9944
8746
2057
4945
3140
3784
40
1667
8384
5498
6189
8762
4723
1466
1512
702
5382
1301
2392
2235
3883
8112
4103
5857
8500
1985
5952
4350
9620
1294
4479
8086
6747
4485
783
9204
780
4082
6895
7532
4901
9910
7879
3710
8316
4832
1505
6239
5760
4724
1946
4279
7748
6258
7985
5846
2293
5596
5381
6107
178
524
9906
407
2027
8016
6550
6509
5153
3159
7469
2605
5286
5678
3916
2515
2764
6059
7222
1847
3734
1121
7339
7146
9023
5099
7099
173
1012
8170
9039
9260
7334
722
7746
7586
4541
827
6038
4296
2428
3186
8157
1012
2509
3063
9025
6685
602
7021
5862
7657
138
3242
3433
1036
8960
6906
6907
1408
3418
502
2134
9547
5319
3001
4874
8188
4454
6215
2331
2703
4512
1070
1329
13
1700
100
1513
64
8310
2690
2116
1357
1426
3374
7009
3457
8072
3932
4559
6245
6544
7869
4123
2475
7282
9869
8220
2930
7572
8174
5443
1161
8191
2739
2519
8278
8863
7645
3470
7232
6202
894
7513
3617
5270
9438
242
4316
2959
397
5102
7071
3892
4298
9896
6186
707
7937
3395
426
3153
5516
2379
3850
7644
8803
9173
2142
6619
8101
1383
9534
2667
1091
7138
8659
4571
3934
2220
8894
2332
7952
7043
7174
611
2924
7538
564
9068
6077
2061
2329
6607
7190
9128
4635
8145
7966
936
5208
6640
4512
8325
4884
8744
8069
9470
4737
7998
7942
7888
1470
1407
5102
8746
2726
9851
8704
9373
3415
8015
2105
708
6691
3374
9545
2147
750
120
7031
9374
2825
3995
3352
8316
8713
3457
2267
9836
9405
8823
8015
7137
2069
9560
3788
3806
5153
349
1616
592
5959
1429
4924
9452
8417
7139
5359
9597
1452
3334
5344
7177
9344
9165
37
7836
2093
9119
6847
753
9330
553
7078
7127
27
8091
2084
9427
5184
9973
2538
8389
471
2906
878
7847
8914
4972
9616
7979
7062
2591
3358
171
3708
6286
7950
2698
3740
6324
678
232
937
2120
1588
1857
2956
1032
7178
3644
8198
479
800
2563
9300
4485
9777
2695
8087
888
7503
5297
4824
2308
1343
8806
5295
4221
8405
1261
780
4521
6014
3103
8737
5556
5382
4948
7547
3254
383
7450
8847
2689
9055
3153
3882
3701
8862
3328
139
5621
7550
8917
6952
5532
3422
900
7217
234
6825
9455
8695
8519
7568
9520
3092
6802
3497
8273
5269
239
9863
8681
4491
5013
1939
2766
5102
1463
5090
994
3130
6593
9916
4156
7327
8043
6802
3966
9095
4337
8925
4540
3428
8026
3577
9587
947
5385
7554
7381
1662
220
5604
8482
3238
3991
5954
1718
7450
7013
9121
7063
8401
183
26
1883
1906
355
1126
4463
8165
5248
5759
8225
3141
1453
823
8629
6179
4672
8054
2511
1863
5854
6313
4642
5912
1094
5473
6613
6313
5839
2137
5431
608
5724
7028
1634
3751
7902
2991
1167
6146
1818
2112
4754
991
1052
6773
6030
9505
4037
9523
3395
176
9938
8537
2443
6028
9161
7540
4746
7434
738
1778
1222
1653
1023
7550
6044
8857
374
1623
7573
1237
381
4678
1061
1537
8047
1574
5104
6966
9774
5108
3071
1115
6445
5993
5036
7836
8478
7024
1852
9707
2081
8558
8131
2069
7340
8141
4926
2204
5585
657
5010
9879
9459
583
2891
8023
433
3350
1557
8078
8840
8118
6019
6660
1760
8204
6597
5018
1921
5916
4948
2215
2319
5439
8899
4197
9564
3438
859
9187
798
8707
8514
748
7372
9908
3389
1742
9949
8060
3280
736
3249
9930
7093
4368
7473
5598
259
1869
4480
8586
6218
640
265
5119
2918
2453
1006
7353
2935
8941
7497
5646
8511
3853
6836
3533
9909
4757
8783
7046
1981
4983
5089
7531
8110
449
8650
1759
4584
3090
826
6898
2442
8287
2056
7136
5072
7418
7150
5476
137
1704
9119
3949
7169
4440
6696
4237
9721
419
7941
6875
3719
5365
1377
455
2679
3807
8682
973
7544
4704
4607
8715
8922
9411
1732
6484
4789
3647
1054
3557
3900
6278
8661
8291
9650
1888
4261
4289
3957
9428
371
8606
1074
825
9194
4244
3355
7592
4813
1282
2896
584
2674
9318
1634
3547
4366
5269
3834
3151
3330
6283
9014
1103
1248
2506
2405
4890
646
8599
5196
5283
4802
9469
4607
9707
5103
2498
6471
9250
6623
7819
5399
1068
6412
3909
9220
7944
9405
1518
1874
8776
3817
7672
9636
1425
3817
4782
3439
6860
2104
7350
4104
5503
4412
3410
2620
8317
3381
982
4555
715
8043
9147
2075
8729
1144
6455
3218
147
5256
1830
810
4263
4747
2301
1808
7527
3951
3610
6299
7905
2140
8363
4465
8505
5153
6327
3372
8538
3054
1461
3195
8754
4991
8716
6012
9910
6869
7381
2520
7599
3183
1444
6445
445
1061
1976
7083
5993
6683
7595
5996
9325
5089
757
6795
5633
4299
6817
8791
4551
5131
889
2266
5662
2068
2706
3896
8838
3585
5934
7167
3367
9651
6535
708
4329
2038
289
1625
7842
9494
5613
7103
6798
1319
7205
1742
6799
1903
2193
3545
1880
9633
1486
7458
4426
7678
9916
9309
861
5596
9092
826
686
6271
1398
8054
6927
3463
2994
3559
4151
1726
874
6230
3146
6687
7802
3907
9211
1320
7117
2722
8542
9502
4995
4387
8730
2856
7471
4646
6967
7055
5357
8478
7140
8321
8408
8372
9709
3519
7553
5529
4655
6000
6497
2710
7501
5917
7291
2285
1280
1788
2201
7628
3693
2266
6062
7998
6604
6688
5525
3140
4764
8653
2818
5661
6661
9596
2484
938
5066
6671
6498
256
2672
9720
9559
2248
9708
250
531
8818
9364
2131
156
4015
161
2518
7244
5364
3025
2244
5566
5269
7500
6332
7912
3164
6210
8687
3089
7586
2905
8535
3705
3348
1495
3294
3468
7934
6955
7535
1814
8761
8740
9823
2685
2978
6406
1171
9018
5935
5100
2051
5793
9407
3562
161
5579
4976
7245
9101
1821
3957
5780
6309
640
9827
1893
6980
7067
7645
5684
6469
8404
7590
8975
8023
7116
5281
3379
555
6143
2401
3030
2144
1022
8711
6451
976
1299
9580
6269
5400
3008
8701
52
3089
8736
7876
9525
4819
3368
618
352
6495
1402
1094
9687
3809
862
4804
7208
7906
2079
9579
120
5006
4922
6679
6561
2870
1371
6889
7059
8826
1240
9824
736
7199
1927
2981
455
1235
8816
1826
6201
3272
4907
5078
3345
2525
8213
6124
3257
9505
9828
2551
2176
7283
8693
4907
9899
9318
7836
9290
3497
1892
2313
5135
9705
3891
2172
9228
1332
4156
5215
9687
1443
7714
6027
2568
2670
8804
1080
4290
3428
3387
2205
6879
593
4992
3724
7908
5859
5272
56
8559
7465
2447
288
9006
7202
6527
40
2718
1392
4710
2519
6696
8990
6166
7719
486
8132
6058
1365
9682
5285
9315
984
6450
7390
8038
2325
2058
7390
5626
4386
2349
1903
9788
5379
4556
8976
7215
362
3420
9142
744
6084
7063
9504
4720
2537
5739
3219
8194
1613
5684
7038
5643
1557
9717
373
282
4877
1888
9864
1745
7428
2935
5241
9009
12
5137
8904
7411
825
9943
8156
4603
1023
645
989
2207
5869
5230
3189
321
1024
1062
792
9147
2544
6798
4668
1753
1685
816
7887
9864
47
1656
8978
368
43
2083
1662
3462
2838
1198
6965
3170
21
5791
169
784
4105
3707
261
1652
9158
2599
4287
2436
1938
6043
5078
4437
9185
1266
1972
6194
367
3181
9441
3317
3999
8421
3162
2581
357
3470
8769
226
5151
9065
5138
1664
8773
7464
1768
5030
9606
1129
3807
5151
3241
535
9806
3959
6467
395
1025
394
2359
2517
5494
3156
9034
2856
1602
5685
1464
3114
9476
3286
3139
9799
40
4227
5039
5828
2148
8380
5769
5450
9281
4942
4389
5564
6758
237
7564
5280
6912
6545
4833
5547
9148
2935
8166
1007
7402
164
2754
8339
6042
8835
6087
3553
7505
579
4038
7627
651
6997
714
3327
8493
9653
8313
7501
535
6560
1380
7098
7537
4572
363
3527
2811
178
1069
4930
6100
476
3873
4170
3183
7343
4168
9460
3535
9137
4273
2301
1611
7500
4964
3593
6903
6691
4153
5234
7202
5945
9046
9183
3497
4326
9814
2480
298
1921
8079
316
3293
2965
7512
5348
476
6130
6666
1241
4944
4066
4737
6218
6816
1313
3266
5094
9573
6067
2753
1693
9316
6616
827
9049
9830
7614
9306
837
9717
5765
1746
6452
4489
4969
3977
7893
6744
9241
3031
3993
8550
4488
4645
6716
7239
931
5819
961
8737
2179
5163
1489
6429
1625
2692
9724
110
7905
4699
2975
9587
6623
9033
2741
3255
2315
2791
9615
8739
3835
4398
8355
9140
1329
5607
7831
8731
9354
1593
4830
6871
2159
6856
5834
8064
6788
738
7214
3992
3330
203
5855
7116
28
8286
6075
3414
357
5486
4429
2563
7950
5219
7392
8366
7687
1289
9129
7129
8679
9375
4478
4759
3368
8669
915
6851
6928
7034
7525
6730
2453
1877
9819
7833
8599
8491
5765
4562
8575
9628
1111
7243
8387
7693
5496
1708
3322
45
4129
1018
9303
229
3210
8670
4898
3596
7403
3188
6994
4997
674
940
3722
3098
8911
7549
3966
5862
46
1552
7937
977
5307
7977
1151
5755
3604
2603
3689
6804
467
9595
4157
5203
150
5513
1116
3235
827
2314
5307
5183
7402
355
8935
390
5787
9451
8738
7133
724
7974
3971
3175
4683
7736
474
9259
855
6487
5766
4501
9882
9602
1678
2274
9479
9638
8726
5736
8231
8341
7712
9469
8260
8561
1111
6002
2158
2516
2243
2143
8606
2382
5462
6428
9735
7305
688
2348
2255
3150
1244
4271
8658
6131
174
3503
8228
2877
734
9839
294
5503
4364
8621
5606
8803
611
9440
6125
9584
6802
5391
7732
3760
5496
1416
7844
4672
3054
9845
5300
4012
1537
2506
3204
7300
2994
99
8377
9658
801
4885
3192
6857
7919
469
9469
5772
4276
3810
8923
5527
2550
7481
688
2016
1959
3139
3674
3443
3419
9211
7352
1211
9145
5739
8646
1444
6384
3795
7634
9709
6766
498
3639
5312
120
541
1413
1831
2412
2385
5052
7479
6494
4669
3823
7000
448
4350
3504
2879
3897
2145
469
3720
1790
1671
9255
446
2769
5972
314
1409
8172
3548
9249
4613
3924
4850
4190
5618
228
451
4897
1384
3656
2660
2355
2641
6407
9991
7616
5461
3920
1065
3012
6721
4470
4654
2649
794
2321
5438
3892
9327
5220
1687
5203
7279
8628
5626
4461
3665
619
9942
1003
9616
2910
9809
3241
4756
1295
4061
5398
883
5908
586
4514
626
455
4034
8322
6640
5355
2890
1059
7099
8223
5014
6893
9486
8993
8766
6205
1099
1523
3798
2977
5619
7446
1730
8169
7139
7975
3645
47
2515
3633
6794
6687
6368
9672
5088
7584
8428
1205
1979
3295
689
6337
8663
8683
147
7572
674
8123
159
2008
1377
9790
5849
4361
7340
7300
5587
6645
893
2139
4579
111
3622
2292
8019
9277
9553
2950
6818
5687
8820
5562
1516
8846
2642
6781
340
1119
8084
2590
1897
802
6651
263
2371
2526
1706
8006
5257
9048
7581
7262
3020
4259
4186
6104
1361
9256
8437
8289
385
2930
2486
1422
7578
3887
3260
3597
6349
8545
8800
2748
4072
7501
4617
4084
6519
5918
4589
648
5482
5096
8421
7750
8420
9511
6585
1667
6064
1335
6649
5987
494
8067
4690
9083
6778
7810
9573
4764
7856
771
7066
4324
8831
5643
5063
2126
4024
3591
1233
1087
9513
7879
3592
4428
7462
757
5198
2640
736
9081
914
1133
4343
8993
4809
4303
3964
5385
2125
6368
9060
2708
2608
3305
9279
6020
7571
8507
4885
1775
1850
2854
8680
2620
4357
6440
6460
6475
4081
2375
393
4349
7216
4524
5454
523
8112
231
1192
5828
5697
3946
102
6725
3503
8876
232
7510
1177
5000
2944
855
958
6561
7351
8461
9170
9084
264
9600
1474
2444
9832
4253
9428
1061
9835
2147
4775
3495
7605
5017
3614
7891
9615
903
5768
9193
6676
8042
3344
5600
569
4933
7955
3838
3186
3979
1685
5320
3834
324
687
828
9919
2550
1137
5151
8930
1155
2218
7026
7357
5426
2761
9697
5620
7375
1399
3601
9827
6243
2913
3088
6601
918
3469
208
356
6641
3771
4128
3998
9920
9966
6575
4382
722
2582
3632
1281
2505
3742
4853
202
3908
133
8684
8654
7285
3897
3472
6268
7812
9612
2560
3358
896
9009
1787
7187
9546
6914
8796
1227
3630
4312
5011
7303
7400
8598
8837
978
7991
7261
8495
7666
9187
1101
3036
542
5408
670
129
4030
6773
7848
5444
8001
4417
5684
3544
5407
1990
6854
4997
3242
1302
4063
8121
4190
8527
7097
6284
5431
8521
401
2266
4122
9049
7557
9295
8913
9378
7017
6870
8615
3283
7663
8845
3374
7342
7379
8542
5076
5381
1987
8154
1991
694
999
2948
3826
4994
2467
4303
5623
2176
3563
7967
6229
1426
7093
5010
1714
4603
7254
7704
188
5752
246
1174
9297
6219
3921
4118
8184
1375
3430
9293
789
5016
6333
9662
7488
6550
2316
8188
5275
6880
795
422
278
7710
2638
5743
7852
9068
8559
7052
6187
7805
9071
3166
3341
8955
7989
8081
4090
2919
948
1806
7505
9744
1367
3158
4287
290
2885
8319
5790
36
3164
9052
1238
4807
4115
3922
9955
7706
4148
7679
902
1607
8328
5676
5868
2599
5903
5576
8696
9580
2695
1309
3561
7434
382
5980
9319
8026
7249
7105
9547
1566
261
902
3166
9477
8464
2735
2911
8400
4600
2558
3507
9556
8775
171
3610
6473
4022
5262
6264
9332
2485
1024
2746
5973
4798
111
1727
2292
6004
1568
1599
6251
3287
7184
6500
4740
227
5062
9014
4742
6380
7948
6419
3078
2672
2212
3046
8779
5418
1587
7798
8319
2981
5030
4336
2924
5522
6768
6597
1688
7490
3085
2640
4173
2322
5040
8848
3120
7850
6522
1570
1510
7997
1124
3978
7136
3952
3432
4452
5156
144
8402
9063
3795
791
5188
110
4620
2171
364
2557
2714
5263
369
2134
8567
5974
2825
9637
3313
4744
9359
3067
7629
2066
2333
9502
1928
9452
8635
7976
4455
7602
5499
6284
3594
4609
7997
6573
1844
2819
8569
1692
1256
8564
9593
2311
1214
2593
421
3952
9336
5207
6799
146
8959
5265
5039
5273
7097
5182
9160
2805
5129
5548
4614
468
6320
5050
3520
8360
3553
9537
2671
6696
9341
6290
1933
9882
3320
4763
4937
1603
3
5611
7765
5646
6702
3341
2690
4572
9697
4192
7120
8158
6306
1853
4735
9518
5959
6272
2762
7552
2377
7793
2913
7078
3310
714
6383
6424
305
6797
4145
5566
8081
427
3428
1651
5127
6994
112
5591
8813
9583
2612
8293
2989
3487
374
6426
5928
1574
224
7635
6541
7332
7642
4221
6218
7479
6970
2371
6798
7695
2886
6414
5898
47
3299
9118
9552
5453
126
9181
4811
7876
2772
3612
2886
6347
9723
5670
7807
2462
7233
2513
6133
5163
3094
5490
4305
2138
7227
6504
1214
7910
3323
2780
5442
4911
6424
2462
6325
3187
3375
1301
1548
8055
7760
221
4242
2713
2812
944
8311
5024
6772
6820
9729
334
1990
7694
4729
6796
2481
2130
3806
7736
40
4961
5410
123
1876
3734
4706
3956
8931
6948
1021
7321
1326
583
8086
4378
1609
3701
7821
2922
3519
4697
6806
8449
4833
8274
6231
7453
9665
233
1570
6125
4661
6391
5431
7372
6105
6916
2720
4885
8161
528
795
7208
5663
9774
9795
1763
2640
8291
4169
7181
2292
2747
649
528
1148
5975
9131
8150
4178
4580
3031
7332
4583
1324
384
6300
2229
6562
3507
1585
6828
1174
4176
5301
565
1374
6064
3296
7732
5551
6051
8219
8009
9986
565
9017
4204
558
4795
2919
4390
3022
4938
2392
5044
5041
6674
8952
8489
1951
2109
9257
4992
3305
5222
4921
9333
8103
4653
1798
9461
2269
9431
9945
208
9889
3778
3882
6670
3851
4676
3371
8780
9056
907
7194
5327
7155
8580
441
8875
2868
4394
5506
925
3981
3807
7886
7014
1617
8349
205
2937
4837
7400
3473
3248
8834
2551
8990
7116
9517
5663
5352
2708
7021
2221
7197
1562
975
8135
6639
9825
2718
9406
2579
6062
7897
6163
5887
2714
9674
6565
9703
8150
845
6551
7930
430
9936
483
9999
4505
2317
8329
3975
1080
1955
7463
5748
8904
9112
5004
8909
8586
8417
1333
1077
8797
458
4719
4747
5600
783
1082
4716
9500
9333
1827
3928
8588
490
2910
5638
3638
753
4641
1530
8950
1123
3196
2103
3375
1821
8394
6895
5861
3978
1153
3886
5365
7386
1811
4987
3379
1586
6193
6372
6733
7910
8960
2834
4527
2749
8036
1593
617
9399
1194
2927
1747
4969
7965
4609
8786
5858
3693
1836
5
5193
7593
9803
8388
1575
2182
5099
2800
3692
2263
4078
1422
8380
9477
9619
2690
626
4394
6659
791
6472
6142
4375
8663
1773
8797
7345
952
4917
4285
3623
8981
3872
4608
7765
2946
3004
624
6034
8737
2732
2333
4132
8235
5034
3839
781
1036
3384
4213
9818
6904
3338
3969
9170
9946
8087
697
3256
4990
1675
3936
3668
7254
9703
4899
1785
6407
8385
9434
4244
5141
8619
7773
9261
913
9136
3584
2152
3732
3343
9236
2292
1951
5499
6459
2666
1386
587
5788
8716
8533
5640
8388
5470
9477
38
2817
7203
3351
4319
8782
193
6187
2577
9632
4771
7395
7732
8846
1137
7121
2795
9482
494
1110
6795
7151
6560
4407
2656
964
5931
4377
8874
8882
9376
4237
6903
7709
1241
9499
3378
1634
8363
992
464
2650
2172
8815
9433
9631
6390
445
5312
2351
9849
1376
9425
4795
2893
4284
8365
1147
9788
2806
3371
835
1236
8229
8556
6820
5891
4857
3444
4187
7337
8953
8212
9245
5766
9399
3504
186
8897
1079
8490
8427
7718
7046
3804
8674
8940
8398
8976
1111
5191
556
4480
5946
6910
7276
6547
4111
3920
8944
8540
1336
4298
3671
9160
5550
8538
7567
1589
9231
3462
1679
7601
6050
9709
2539
2124
967
2115
6971
7689
6358
3488
1318
3896
6709
1178
6698
786
6642
3660
7537
4467
1299
939
8670
7925
1616
8725
8801
8675
4917
9423
1960
6060
7541
5796
2774
8216
6742
3861
4245
5153
687
7171
5131
3957
1963
6403
4923
95
2779
1163
3602
5988
1320
6550
8916
3458
1241
1781
2910
6738
6313
2031
593
5363
990
8277
1123
9010
4930
111
7264
3973
3684
2232
8066
251
7826
8733
8783
6571
212
6337
1214
1903
2526
1688
2910
4805
7051
2106
7948
9653
5295
988
3875
421
6145
8214
93
2715
3717
232
6506
9024
7031
2374
1008
2658
3596
2796
3394
6785
875
9921
8304
9024
7200
9128
4841
7074
5910
2982
6506
7350
5268
6707
9227
6227
6526
8547
2245
236
6065
5070
1484
4524
1401
4153
5153
9707
8826
1899
8692
68
5591
5653
8933
4433
510
3824
1733
696
3647
5336
2017
8534
431
4811
9954
9587
9889
9934
7404
8886
9697
5474
460
4796
5051
7624
7084
9217
9632
2727
5275
4373
8854
9537
2281
7309
4267
7974
2993
5347
4782
3146
7406
4617
3918
3409
9651
2487
4502
9076
9131
7045
7232
8133
8689
9121
9882
5096
7577
7700
7682
8824
6522
5027
3035
2053
6481
971
2294
5791
1190
6340
3882
8887
2559
2426
6775
8967
5319
9069
1397
6234
5764
1411
982
8031
9381
3846
9425
8621
9965
8001
9132
8641
6894
5942
7053
8144
8698
4496
7831
9256
7701
9168
9115
3147
6878
2078
3050
7410
701
6268
1937
3993
7580
1159
1641
962
2165
9568
4460
942
1703
1652
2319
2971
8078
4927
927
9299
9155
4505
8124
7474
3040
6451
8268
5925
6055
4163
9001
6054
7318
2536
7885
946
8173
5942
3758
7943
3354
9964
109
6315
5556
6541
8376
7466
8151
1561
2115
956
456
4120
3625
935
7225
513
2596
7117
7417
5406
385
4514
6354
5426
6355
7086
5147
9884
126
125
325
22
1777
2760
4002
1941
9389
2763
6172
7389
7840
9123
3046
3130
5412
5850
3249
3651
5401
1510
7106
1205
8381
8793
3430
1928
4349
6763
9100
8666
1325
5619
2546
7995
2824
9048
1604
6811
460
4872
6511
4930
9957
4278
6398
2586
6829
6058
2289
3378
6063
7888
4846
3857
1562
9495
638
311
5727
8107
658
9827
970
6912
3542
6579
9159
1833
8443
3387
3259
5828
9365
8289
1452
5834
4644
1319
387
6337
9564
6504
1786
6726
6425
1916
2554
5888
5480
3889
8697
6869
984
857
5286
7769
9808
6525
6996
1813
1732
620
3345
1378
4078
3306
6602
741
9420
6403
5866
7161
9522
7694
8631
5138
1919
4223
3418
9168
448
7365
5953
4518
8627
1368
4995
5936
3648
711
6345
3051
3463
7517
3930
1857
2992
5026
5944
4112
2704
7782
568
590
7217
2890
9553
8494
9346
5126
6151
2878
5981
548
7389
5549
4230
4806
820
1647
5387
8394
591
7416
9989
5674
4821
2420
8416
9527
1220
711
2656
7432
1205
8296
9149
365
4737
436
4300
1154
6131
1440
6772
8262
6677
2694
6947
5738
574
3710
4501
8901
1115
2963
6514
7135
7908
6563
2380
8395
506
3117
3748
9163
3204
9659
6407
660
9759
2681
9666
6277
202
773
1713
9978
4845
5266
8862
5244
1414
3818
30
2511
6503
6596
1200
1937
2354
3949
1355
8254
8847
1817
9505
2563
4050
3012
6080
4390
6919
8602
5115
9954
4686
9517
3696
6530
2673
4896
9958
2020
1494
5144
6230
4182
3352
2101
3288
2260
4108
8974
489
3966
5537
3259
8371
8218
717
1582
9228
2289
4066
6774
1683
5861
8572
4457
5056
3757
9576
9444
8271
6604
8687
1256
823
4420
573
5853
5670
2540
3265
4499
5469
53
6072
141
8679
2231
6286
2469
2281
66
6667
2681
6773
796
7905
9829
8118
9796
9167
9065
7199
2345
584
2152
1494
7615
6927
4345
7836
6738
775
8648
5256
416
5027
5337
3841
2664
5978
386
3521
7115
603
9660
9055
6491
9719
2801
2447
9627
1191
393
6242
2305
5610
5471
8468
8285
2321
6914
6230
4944
2761
6724
8494
7991
5902
1254
9087
8804
9174
4223
2824
9491
2921
4737
4792
5523
7508
6872
4667
6503
2454
5341
8024
7849
9738
1921
974
291
8783
3378
1181
9751
4673
681
1676
1743
5374
9926
1279
4279
8003
4541
4828
9717
7144
6740
4128
4736
4531
2442
1278
1689
2552
3558
7103
242
1548
7380
5526
1123
2173
3292
4611
2713
742
184
8097
9142
309
1464
9851
5065
1631
5312
2871
6374
9017
6005
8580
4931
485
5732
1546
9101
5972
2256
7951
7892
7184
8423
7305
8064
3831
4926
8083
7194
9831
2109
9568
3209
3496
239
6128
9836
5749
149
8494
4843
8985
3158
5416
9894
4546
1754
6105
7973
7487
7336
1185
2025
4655
1158
8611
2774
1719
6831
7342
4070
4603
650
7126
1987
7811
9358
7603
3913
6601
6735
4371
4137
1796
2417
7040
5117
6326
1819
7121
8448
8910
101
8707
8586
7454
3318
6190
3434
8905
6105
1435
2427
5960
686
9162
3677
5660
3353
7317
7504
5405
8245
3260
6617
7744
4395
9260
9197
8575
2156
977
1575
7756
5464
2673
4396
8024
3880
6672
2452
7793
4
5958
9380
6829
1699
7726
2663
4283
1999
2846
6579
8020
7155
3388
9613
7669
7518
405
1769
4912
7869
2104
3770
2228
4343
2770
6296
7742
7776
9110
6790
4901
2021
3566
7136
2548
8727
3662
5374
3064
1360
7739
7991
9867
2608
5414
4166
2810
3538
5677
5085
2311
9870
7582
677
860
6267
7679
3996
2633
2389
4226
1427
2213
8219
7745
9493
2759
708
1461
4234
2932
1238
331
6869
3423
5799
1328
1733
8353
7781
1138
1001
6856
6539
3690
3177
1949
2082
9967
7119
9241
8624
1309
9851
7325
4239
1141
3947
1641
6471
1588
6596
7775
7133
1465
9701
1112
8151
3949
6950
9119
638
4404
8649
8327
1569
7928
1696
3150
9250
7911
9408
409
4993
107
3188
5538
5840
5349
982
7631
7717
7334
9232
9300
1509
461
7016
5667
6679
2176
1459
5355
6209
3841
8920
5821
848
2677
7293
6842
7852
7529
112
3495
7910
9371
2338
1103
9863
2464
4448
6189
6489
5957
5857
2822
5645
2486
8573
5643
2466
8733
9846
8552
2239
5908
5268
2471
6360
2736
4395
4955
9662
8871
4027
5126
5785
2924
5243
3091
3937
4323
1642
6707
7352
340
563
2419
8920
4392
1194
6062
7618
5198
1163
7652
3031
5253
2260
1082
8685
2429
6062
4242
102
6354
6325
3540
1647
2182
4801
3042
4912
6186
7253
2070
2427
4681
5641
9342
7535
8475
7421
8118
266
66
3346
2989
8820
4832
2537
1134
3557
1788
572
7837
6758
9653
7142
8830
4758
791
4829
6794
4427
9150
2262
3101
1608
7177
3222
4532
4735
6865
3793
6038
5221
3135
78
979
8732
3020
706
2067
4645
911
3762
9817
270
7917
7986
3481
5068
3998
4688
1670
6038
8917
8339
4954
8976
5330
343
7984
5442
8369
9864
8191
8866
3144
3832
7841
4768
8481
9357
5645
6280
6300
5538
157
1773
9976
4936
5211
3792
4475
2075
3291
8095
9827
5940
5105
911
6634
8782
6317
5724
4731
4182
6622
3197
8179
873
3837
1342
5870
257
9155
1669
7938
7657
5465
4310
2850
9396
6585
5796
6306
4295
4915
3433
8158
8421
6304
5388
7873
7146
3463
8655
7048
8082
5042
7575
7850
6193
6647
5814
2806
3789
1691
8269
1698
1157
2058
2988
5255
1699
4108
3055
7771
835
9817
932
9885
2426
5046
4794
6977
6525
4273
4391
5190
4925
767
4614
7570
6190
3582
6850
6817
1242
8358
8431
5122
4207
948
6710
9653
7408
8764
4562
8225
5275
7549
8979
38
4339
648
1256
4224
137
4424
6361
6367
1494
9251
9301
9673
2465
5384
9149
955
6562
561
4542
4290
5065
7446
6894
39
7644
5459
3923
4636
8516
8289
4572
5142
9391
1477
3528
9049
9659
4647
1430
513
2962
8774
2989
694
5504
4938
6830
2217
2963
2260
6320
8340
2108
6821
4962
60
8356
1549
4558
442
8289
9610
664
8890
8277
5544
227
5369
9818
1480
5501
8642
3595
9387
5714
9682
8592
5943
5627
3951
1030
8830
819
4639
8489
5663
3870
929
942
1555
5999
8162
7004
308
4840
2411
8487
4829
9468
3902
6461
2203
5271
9479
2168
1628
9334
9114
7794
3155
5166
9992
2325
9241
2093
3783
1362
1879
4618
2734
7084
3596
8788
2217
4664
1215
7518
6538
8129
5422
5929
9332
3292
1919
6972
7633
7791
6410
3729
8803
4585
1659
1549
1465
2873
2334
9065
7837
6413
8249
7956
4745
7206
7401
367
1530
3556
941
4804
8100
528
7437
9693
266
4303
4039
6105
8769
9290
4727
1397
3001
1686
8595
6739
2610
514
3726
5011
9105
5339
2109
1159
8449
6936
2384
6900
1082
6138
3633
9123
3698
2217
7786
8147
785
4103
5602
2871
6964
8053
6143
5193
9748
9545
9305
6847
4730
2192
3154
517
4104
8713
7094
2520
5462
6990
4205
9455
3084
4477
5843
3121
2517
9769
9902
8095
7807
6480
4071
5270
5443
9540
8449
4364
5794
7380
3113
5884
4458
1720
2239
4642
7156
2174
4764
1045
1109
4501
1854
6185
599
4962
2121
3356
3652
545
8930
8166
5090
5184
675
4918
34
9223
9323
2081
1841
4590
3789
432
5496
6014
8748
6470
9251
3426
1866
7683
9485
5461
7164
7516
915
8186
5969
9966
5364
9225
4933
3011
1748
9313
77
5543
6783
3494
7331
8937
6643
2887
245
1455
2432
149
16
3939
473
2873
8445
7805
4179
7196
546
9358
2317
1391
4240
4075
1831
8623
2816
9412
9763
7088
2707
955
4559
6202
8557
5260
9400
1716
6428
8787
936
4319
6119
715
162
8993
4838
2452
9921
4510
2593
6205
5755
3691
7384
593
9856
9222
1448
7668
5235
2426
4966
1853
4883
4737
3533
1571
2799
1970
4961
5229
2801
7984
3183
7934
5326
8770
6032
2713
4566
9923
2062
6766
2244
1338
3570
4320
6044
320
9372
8854
6077
3104
5359
3274
9112
515
8695
3672
6094
1808
1325
5542
8072
6445
5203
4280
7662
2512
4424
9881
9739
3096
3293
3541
3404
8162
3509
3618
1813
2797
8308
1543
5642
3565
3317
1133
5374
2861
5534
2740
2999
4375
3532
6306
8410
9975
2325
514
1288
9499
8816
6699
571
159
5728
2058
1205
7683
289
3044
3537
6234
5088
6822
461
2919
3615
9725
8707
6202
3058
3801
5802
2198
9145
7471
5841
1020
1331
4240
5746
1846
7190
8018
1963
859
9506
4056
4054
8083
5968
345
9664
8813
3736
2315
1518
2532
6906
2098
9598
6016
1404
3191
6263
7265
3802
9687
6636
960
9604
7778
3640
3599
6974
1334
1456
3706
5657
3097
9429
3537
8131
2418
1678
8683
3746
6384
9296
9491
2063
2531
7321
5314
9754
9784
9923
5750
6610
6083
4047
7469
3529
1463
7625
8741
6881
1865
4264
6724
2164
1491
7946
5164
2500
8968
2002
7005
1186
4899
9165
7644
4642
7755
6406
1669
514
4002
1433
7912
6625
4626
7719
5657
7976
8987
975
6334
5612
3803
672
7899
8535
7036
5674
5160
2440
9714
3564
5006
7288
3601
4375
7956
1018
7293
8993
8269
895
9620
8524
4473
1729
8940
8923
1224
4751
8797
4505
8203
6275
7819
624
6217
3408
6334
8547
2219
1158
1497
4677
7071
7738
3177
5377
8505
5463
7250
4648
4660
8343
9751
1196
6010
901
1288
9428
4445
1120
9171
8104
2806
4672
4200
2742
2167
2280
8721
1883
3713
2087
5566
8746
6882
1831
7447
1579
914
9588
4784
8066
9437
5708
7650
2461
7022
1802
4219
6435
8748
1787
9511
3633
8066
7313
7608
7606
797
3706
3309
9822
212
9379
492
1759
5498
735
848
1559
199
535
8414
5342
3537
1205
7919
2110
4462
9757
4062
4888
7451
6712
2154
3453
2935
8134
3358
1567
2274
4167
4533
1269
8121
6149
4247
7025
7062
6331
6915
4633
1463
5631
631
356
1960
4298
5903
7794
5524
4304
6094
6785
3270
4779
7423
5351
6145
2977
1958
5518
6040
5816
4734
7872
6664
1482
9603
3173
1781
6887
8883
2185
5134
4563
4766
4602
2870
9405
2381
1999
8099
1251
9424
6158
5205
9850
3044
2134
5693
8016
2688
1208
1320
7774
4486
3392
6002
2713
4149
1639
8580
911
6022
1056
1052
502
6001
6841
760
9022
6900
2818
4015
6837
6349
2458
4932
4880
1915
8682
8559
2484
7862
5974
4598
2402
6799
1523
4787
9179
9335
3576
4890
373
8379
9334
5597
5365
1695
7924
1686
4035
941
7123
200
8109
5342
1904
4864
6074
8372
4193
8071
4505
290
1665
3740
4373
2309
8585
8286
8004
7152
2735
6134
7104
9648
5751
9241
90
9023
2783
7658
5024
7123
1037
6833
2454
8549
3972
877
2387
1356
9277
167
814
8452
2661
2591
5428
4664
1179
4996
3493
9796
4147
6167
5130
7918
8713
4779
355
9353
2385
8036
3859
5899
4867
9381
8965
6473
8495
6853
1791
2745
5310
1162
6476
5879
2084
977
8870
2104
9396
1300
1190
8329
581
4415
287
2136
2376
6697
2927
7923
2093
7645
3931
8197
1196
6780
4787
8261
5404
2430
3826
1452
4238
9394
5315
1783
2678
6067
9756
7982
3095
8270
6280
6754
4109
7382
3649
6433
3841
3613
6968
8721
4529
1987
1804
1727
945
2476
3239
2193
1266
2207
7555
9614
4059
7942
2393
6188
7247
7387
112
9123
4263
3764
3155
8458
966
2365
3261
769
3011
2922
9442
6007
4067
3518
9926
3201
6887
4668
5390
4267
8153
731
545
637
3229
8830
303
2370
2133
9555
3929
8315
4123
3489
6592
2856
1374
6482
5965
4089
6184
8612
7941
1658
9818
9771
5648
1660
7749
7387
8850
7354
9115
4416
3242
5566
2685
5785
2098
2544
7694
1458
3709
9159
6617
1004
4641
9586
1141
7365
3196
7725
4586
703
9239
6220
8331
9904
7273
7703
5042
504
5075
2328
9522
8147
7328
8999
3744
947
1917
6147
7828
8075
6507
8123
2948
7278
1576
8662
7198
9522
8467
552
1292
7845
4560
7519
6176
7303
1432
3466
6778
1436
1713
2349
8869
9085
9734
2904
7631
6644
384
2142
4665
7694
7485
4540
6841
1428
1059
2570
2708
3152
422
4046
9398
5372
6003
5123
5005
727
7507
3766
750
3329
1781
6641
5812
9811
4544
4910
3088
9994
1509
8744
5146
8868
4194
607
3161
6339
3057
7800
611
6335
8767
834
4204
4871
8122
8142
4805
7413
6991
5316
2021
1878
775
3932
4437
5231
8492
8401
4901
9971
7479
7021
7814
2146
6290
2065
950
7816
8336
5822
6404
3235
7215
2661
9777
8083
962
607
914
380
4507
1637
8268
8359
9202
1513
9684
4480
1837
9461
1152
7178
4266
505
6672
5836
1029
5666
1327
4051
5899
2386
6688
3417
1305
8342
6197
2797
5654
5737
6705
3154
5097
3158
367
8147
3620
6565
6819
8025
5942
4351
2205
3836
145
1282
4565
3248
5187
9144
8756
640
5775
6119
1466
378
1918
1638
5723
4001
6486
7321
7324
4270
8422
5944
1433
2536
717
3364
5619
8758
875
8539
7872
6903
8079
1954
9529
187
8636
678
3707
4698
7131
9618
4939
9751
3839
3088
5747
2517
1467
6898
2738
35
8713
1614
2814
1206
1370
3569
433
6700
5000
4102
7306
9966
8841
1495
8173
3627
9872
8971
1737
8887
1736
2840
8652
6987
1356
7860
636
8057
3481
8979
7623
4610
9886
6023
3688
7049
3436
3629
8733
386
4467
3776
806
8109
3592
8762
3760
9661
2719
1902
3936
8781
7894
5510
9138
4610
3142
5967
6809
194
8104
9837
6568
3604
8895
8533
2502
5592
5603
5890
4767
7195
3752
7131
5870
6460
7519
6341
9002
1523
1208
5287
292
7450
232
1122
9446
3535
4294
9853
7124
9011
2302
7021
7039
5536
801
8423
2584
3534
5277
2074
7667
3001
1933
2935
6600
6809
9376
8870
6430
2185
8692
8623
618
8828
1158
1251
2109
5127
8874
2863
8280
987
8504
5295
742
4700
7504
6505
1084
1896
7632
1361
4491
6019
5777
8973
7566
9214
2642
963
9741
1921
2909
6791
4949
846
2560
8681
1875
3981
7765
4155
451
7277
9628
6190
4260
1710
2794
6920
4853
2955
2913
7604
2208
2643
1658
1545
3952
491
7027
6147
4372
241
6691
4069
8205
6169
5359
7274
9825
5321
2686
8740
5827
7535
1067
5372
9557
8709
9818
1741
1288
2049
2625
8005
7071
5153
2395
9709
2496
3756
3397
2435
9567
8583
5136
1791
6026
1208
3965
1842
3734
4841
2872
2101
5895
368
1735
1431
8733
7005
3109
1866
4296
7746
1875
9586
3983
8709
9032
8017
5767
4111
7938
4711
7056
7749
2325
7451
651
244
2831
4936
131
3887
4973
9241
7098
4023
7023
8330
433
4265
3542
9559
31
7129
4412
1977
5705
3928
7108
7169
3255
6422
7443
5845
2637
9574
2070
1380
594
1065
1527
4812
459
788
6372
5777
3578
5799
7844
4970
2789
8395
1485
8878
8586
9096
5206
2661
760
511
9800
7046
8059
4720
1829
884
2522
921
7327
9730
4928
3457
2513
77
9578
163
3187
9994
3135
1571
5703
3022
8777
1299
2624
746
6106
9295
1457
5686
1872
3629
1257
3416
8096
4773
2545
4052
9933
353
734
1635
8947
7664
8840
3180
6535
4222
6452
5581
8095
9678
261
2917
5736
9195
5059
2937
4041
6438
8290
6240
5637
9880
2180
8632
9683
3425
7297
7616
2352
4364
6384
5687
9570
2865
2585
7403
7079
8248
5647
3177
3243
9320
5444
9981
6847
8281
1295
4062
3660
9350
9
2438
8879
1606
513
9106
5170
621
9005
8712
2796
2958
5429
7808
484
7514
2181
327
1845
5201
420
2040
481
264
2432
427
3214
9697
444
6058
4963
746
1733
6173
7865
4169
9374
548
3447
8900
6037
9816
4037
1279
5205
9605
955
9570
2943
6507
6227
3508
7569
2342
7655
6238
6156
1995
772
125
9253
1411
7215
8921
9297
1962
4236
4592
7714
6285
6534
3614
2315
8513
6060
9575
7092
8781
1966
4598
4095
7123
5745
8009
5025
3783
379
1603
3024
1572
2284
604
8501
6420
9282
7697
6149
1637
1650
1183
2516
7529
568
4928
7435
2143
738
8114
3807
8436
1458
8503
9962
639
1247
5702
386
7447
5615
167
5151
7820
9760
2118
4216
2981
6977
87
4614
2639
449
8455
6980
7323
9626
2636
1265
343
1210
2409
9872
4828
9203
6943
1784
2765
3935
8510
3220
1784
335
8980
8842
1254
8865
1623
7227
2033
9484
249
9970
8305
247
8967
1432
7999
7664
7944
9271
570
3435
5779
2337
7544
7706
9058
9203
6417
2875
5090
4142
1006
608
6040
2517
7573
7833
264
992
8499
869
8798
8333
3169
6013
9002
4655
5532
570
9057
6123
6254
547
3652
3719
427
5714
7260
9883
6643
67
3391
8249
348
8074
6340
6105
1445
1064
8363
6909
8269
665
4108
7986
4791
3087
1150
1893
1694
1865
766
1038
4964
4169
7560
610
596
4259
6823
620
4809
3224
2955
3509
6686
1553
3737
2402
3809
9056
7956
9563
4664
1432
8398
5077
8960
2531
9007
6235
9537
3614
9430
5810
315
4436
9502
5214
65
3290
8203
5344
1628
5604
9457
6645
1903
6786
7353
2420
3511
5486
7619
7536
9177
9305
9319
4878
8776
5666
2441
4066
7826
280
776
9554
9677
7544
5236
3114
2641
7590
2024
7314
5212
6638
3705
3397
5466
5135
5083
4656
2089
3205
4042
742
7961
8323
5778
2309
8363
3328
8011
1955
9285
5280
3478
422
6297
7354
7477
7758
7595
2891
7228
486
6467
3077
7469
1836
5659
4897
389
5585
2243
6400
119
3120
2794
3860
4038
8457
8087
255
5859
4383
8419
3858
6987
2202
7821
3602
1203
1409
512
8241
8090
9065
5749
1635
1703
9619
20
9244
6970
8601
8864
5333
6003
4359
8637
8208
7922
9403
3715
3777
6212
1389
8024
855
3024
9281
1628
2359
942
4741
7781
9640
1203
684
5178
9255
764
9630
2394
1488
1507
6416
6038
6449
5218
9931
4870
8166
6104
9984
253
3721
1297
8844
7049
1780
2245
1937
5873
4324
9848
5038
4223
9164
5157
3774
9882
6713
7188
600
6275
8904
3072
6185
662
8331
9343
2120
9482
2466
4169
2600
2618
1220
7946
3193
152
7857
3581
8336
858
6057
6514
4049
734
4821
6404
1799
7261
9553
2192
3211
8761
2783
6009
9721
3128
6089
2304
8423
2321
6364
3054
941
796
9396
3276
9406
5550
6860
8706
523
6266
9609
5173
2026
7128
4797
3893
7358
5591
4065
2045
1672
7957
5801
5295
6122
1708
5613
1772
5666
3741
819
1952
6517
5549
3976
410
2297
1925
1990
6380
5442
3244
39
5085
5182
1041
6575
6664
9778
4256
8861
8748
1621
8427
5785
9525
2856
2430
1092
2854
9371
3478
3525
5737
8531
1599
852
8540
3453
8408
9955
9194
3833
7923
6384
8918
3599
7409
781
2755
1817
248
4474
1386
6210
3256
7981
75
5283
8199
8172
6998
9223
8066
112
3430
5249
3417
3849
3625
3948
9976
9696
4048
5529
1096
9995
2894
9900
7141
4759
2671
6990
2438
5275
9907
6889
4850
1874
9892
8743
3966
1094
8576
9855
1204
8466
3546
5525
1981
4196
4757
792
1776
7008
1686
9769
2433
8466
3334
2080
5481
8684
1360
8387
3643
8106
4976
1534
8602
9776
4651
2892
4009
156
9995
2075
632
1620
9036
1844
9633
495
4486
7007
9904
4568
7586
1515
3607
857
8906
9854
2201
5044
8088
7890
5715
8020
9796
4645
6041
579
9780
2141
7804
4764
3869
5718
7222
2884
8829
6725
4837
3858
1684
5155
9156
3537
2200
4701
2710
2350
6584
4892
3735
8532
1840
2875
6615
7069
4448
1091
8972
8089
2403
4638
4405
1840
8799
1065
3319
9670
3955
5442
6030
4636
7008
6508
7864
1222
8152
4110
3113
8071
352
8039
8111
5676
8700
2456
1601
3851
3096
6243
3941
9651
6449
6681
6112
269
2996
1454
2149
1277
7076
4114
6615
7730
3201
5729
1408
9447
1821
3433
9300
9542
8150
9028
2558
1195
7500
3115
7153
7871
482
3895
8604
9170
54
4267
6075
3226
5878
1219
966
8772
7441
2035
7397
6184
1804
5111
9844
9743
5380
8222
7953
5595
1565
2670
8102
6218
1143
6537
8207
4476
2797
955
4136
1402
4630
7410
9250
1745
4371
186
9533
2604
1342
5578
6140
4700
6440
546
1942
3469
4057
1135
8400
9784
3147
4653
873
9501
3666
4273
2693
8495
4853
6767
7821
2665
5359
2569
3397
1822
7102
2783
7430
4194
9385
652
525
4348
6356
1519
3609
9738
2605
529
6063
2856
1331
4244
4939
5936
3449
3231
6906
5673
1153
4927
920
2585
3182
8165
6587
880
6233
2126
5017
5671
2205
387
4317
8976
6361
4867
968
1786
5265
2425
9590
4654
1021
9807
4623
3104
838
766
3140
4389
6163
8780
728
8696
632
678
3811
6866
4113
603
7782
5454
6463
5928
562
4965
6954
2663
7586
6086
3374
9356
9542
6380
7627
1735
3007
936
7003
9624
2131
2851
4006
2539
4738
2790
3538
8962
5222
9173
9631
7136
5302
6763
7250
5474
2506
4487
1847
9808
8870
3876
266
6072
3123
3888
1239
2310
1077
2755
1810
2214
1661
272
1358
251
8038
449
8380
1007
3357
8670
3952
9121
1208
7539
4965
6075
1806
4565
634
8988
7144
1276
5288
1861
1980
6868
1562
3217
5706
3814
1039
7143
227
4597
3711
8330
2784
7402
331
8701
9957
749
2519
4761
9371
9307
7049
6082
7406
5313
5895
5652
4268
4065
5197
1074
6472
8645
6495
7213
5786
8703
4931
3286
1268
7225
4659
3147
8682
3978
8057
3072
4860
4651
2943
9464
9283
3916
4956
6643
1222
2093
7511
2086
3899
675
821
2409
1793
7488
8231
1513
3490
1507
4739
2934
4477
546
8501
5415
6329
7952
9119
7456
3990
9055
807
5884
1036
7912
4169
7463
9762
121
4776
5882
9383
794
7429
4368
3490
9741
9413
7215
8509
1632
7415
9721
2263
5087
1723
6989
7798
2251
5557
9438
1088
6429
4829
9643
6738
7729
2027
1657
7463
5540
2300
6794
2530
7402
1751
6120
4777
1639
8810
9883
8049
1173
2780
7593
5841
5043
8488
875
9644
6061
4875
1876
7875
3647
7839
6242
2844
9236
7870
9991
5992
2933
7621
1067
3533
5950
1574
6751
5890
4935
3298
5424
3748
3540
6877
2481
6346
4410
9647
3029
862
5963
4745
3221
44
6918
7881
2268
4570
2992
1122
2085
9189
2323
2088
4653
3523
3604
4931
6842
5637
3763
6485
9560
2189
1046
9125
5063
8873
3670
20
9023
6085
5552
8657
9834
1642
151
3748
6050
6458
6200
9970
7988
703
6464
5660
771
1152
7876
5492
7916
5799
1908
6939
5294
116
2322
7640
1671
7693
6892
4723
4755
3023
65
6590
2634
6959
7440
2830
7339
3063
4325
694
2187
7759
8515
6087
4652
3784
4193
9508
8114
7179
4614
8681
703
8097
2439
7687
6256
8213
4470
4753
5968
2907
2163
9364
1196
4696
8097
6190
1646
6378
4572
8319
3634
2022
8941
9582
2170
9922
7946
8759
1654
5780
3081
6435
6422
943
6898
5791
6783
6212
4751
7509
375
4218
34
5129
680
5087
6519
3844
9561
6368
4193
4879
5044
7634
5615
209
7775
7061
6421
8884
9279
6606
1949
6660
2311
7023
1419
5291
6577
5393
4488
7292
4739
7351
7952
7673
2354
6685
4862
8484
1776
9058
6641
9239
1969
2206
6130
3503
7113
5022
1951
5524
7893
4427
4037
5148
8593
6600
1748
5429
1771
8055
4980
2226
5582
6277
6892
9796
5610
2521
1494
2740
9300
2812
7872
9606
5904
1327
6933
8985
1516
9380
1923
3056
8605
9678
6812
1625
9122
1605
106
4390
4130
4206
8846
1638
8095
4983
1106
7672
1503
9710
67
7023
8346
353
9802
4631
8068
2968
5680
8873
1030
262
2823
2077
5467
4072
353
592
7070
4262
1902
3444
3421
1577
753
8758
9990
7903
6462
197
5606
8254
8162
347
7168
8930
471
9761
6898
5763
1103
7763
7640
5915
5817
5602
2055
5524
15
5509
8661
9424
4775
255
8775
7308
4765
8496
1438
6478
2514
3500
9409
5801
9757
429
617
792
4739
3106
5280
6082
6685
8060
691
1730
7298
2286
3694
1256
6179
6889
6686
6613
3151
5534
3454
3288
5433
444
5751
9879
4448
5967
1670
3539
4025
7769
2562
9703
5993
4668
1629
7367
3756
8157
7594
7934
1856
3983
8765
297
474
25
6133
4157
3138
9476
4354
8419
2787
9135
5737
1463
8322
7045
7393
2398
8105
7562
5604
3838
1970
7154
8451
8940
755
7621
9977
1632
111
9987
8894
7393
536
8111
4180
433
7952
5456
375
370
7706
7539
944
287
354
8592
4112
5951
4625
8072
7263
2719
8599
788
2546
5715
3263
8133
9898
5514
9758
8806
3622
3102
3589
6099
1251
8004
690
8423
7995
1456
1053
385
9141
2776
8104
2073
1810
377
8001
6895
9237
9898
1089
1829
7428
8701
7652
399
8833
1245
9030
8730
1144
1400
6895
5259
1490
9153
8204
5283
3255
7670
2404
9729
7433
5599
1789
4401
6598
4344
5913
4304
6389
7680
7687
244
9794
1465
7376
9803
9674
5306
5458
5010
7901
3990
2079
7456
9460
165
4981
4802
6820
606
1782
4433
3716
4624
735
3502
4312
2047
932
1193
9625
5003
4759
587
4332
6167
3135
9219
4538
6312
9556
3852
3046
6148
6364
2767
1048
9814
1633
511
5892
8804
5590
604
2626
2035
5356
9423
8429
3597
8281
4011
6831
4060
3567
6915
5131
9877
2189
6994
7059
717
1398
5769
6316
1935
9064
4485
5226
102
7508
1007
330
8034
2266
3459
119
5038
6975
6565
8820
9352
9557
6858
2463
3658
9339
1554
6306
7139
1736
8168
6852
7384
1931
6969
1608
4600
1436
4324
8482
4426
9324
9797
6430
5558
7847
7133
5469
1668
2696
2032
9712
4000
9401
4508
7380
8351
5477
7689
6145
940
3292
5818
3029
1331
2531
8598
6404
9077
9757
8251
8248
4843
4194
9039
2285
4995
2026
7178
1328
5839
1075
2266
5244
8302
4911
1462
4759
1164
3740
5754
3584
2131
9287
577
3898
3491
8261
129
602
2955
8171
1612
8850
6615
5879
2051
6979
4932
7509
1479
3094
3387
3746
2035
4230
2189
6967
876
6604
3611
7123
7781
2820
7900
7833
5311
1823
6222
7619
6672
2106
1839
2839
2209
6598
9296
2242
1632
8785
3676
526
1360
4484
2538
7635
8421
4620
5884
993
2477
9552
520
1602
6657
1681
1373
7912
448
2667
4299
1584
8996
6100
4471
3506
4798
9773
9966
5898
1809
9775
7218
5139
6579
2813
4250
9664
9035
6810
7971
3965
9117
368
5166
7585
2592
7777
494
5602
8938
7685
3825
7401
1207
6572
8494
9435
6534
9192
9412
1937
6530
3192
9814
7071
9607
469
3638
8511
9947
2035
7042
3456
1518
1665
9422
2471
3829
3744
973
4773
2005
5144
4032
917
8210
4339
1860
4075
3187
8496
2248
3635
3387
2923
8297
8739
1686
369
4263
6814
2196
8720
2334
636
6022
6618
8242
1491
7024
7715
2614
3427
9146
1081
7018
713
4940
3929
9466
1989
780
6137
7034
1880
3862
8690
3291
648
9423
2571
4505
2805
350
4184
6860
9570
1766
9726
7694
5941
1373
6378
3379
1906
8016
2896
9399
8854
2741
5627
7992
8452
826
6922
9048
4558
8840
9008
1033
9299
7477
1960
6278
2396
225
8054
8169
2896
1865
4519
940
9404
5811
3818
9858
6708
8279
7734
9473
7117
706
3162
6597
1826
3252
1406
9310
4930
7441
3753
1115
6094
3093
3443
8897
4749
6055
2212
5495
1915
189
6343
7714
708
7661
1876
2275
753
2046
628
6015
50
9641
4021
422
8915
4873
4099
4022
3983
1136
2248
8245
753
1717
9364
6836
6404
2745
2606
3911
9206
2928
1087
8756
7502
564
8596
2239
3521
7298
75
7389
8598
3158
9538
8889
9715
2056
5154
3480
4533
3158
6295
5601
2508
586
8799
2961
7759
5848
2027
6719
184
204
2016
4020
9580
651
7799
2799
6787
7862
7794
7931
2772
6065
4339
448
7965
8926
4214
2196
1152
8166
9343
6263
1101
4643
5900
5681
6283
3531
106
6484
2665
2094
2983
8630
2445
6122
4809
8692
8491
2003
3079
8101
2707
3501
7206
8862
8931
7459
8051
4281
7049
1014
2164
8284
1476
3247
4513
1526
1475
7040
9519
2038
8020
5492
5918
2613
8845
8962
6658
2687
2579
8054
354
7911
2771
3232
7476
7651
5009
1081
9550
4181
3452
3177
1843
7536
7787
636
8205
1279
6571
7643
6442
5923
4384
8296
3894
4607
3432
9010
1309
2794
770
1928
6553
2026
6075
227
5168
1556
8034
7842
3161
2452
4765
1914
6595
2287
9161
6387
4593
4187
2955
4190
8416
3862
1129
7070
1821
7800
7207
5084
4036
6186
7098
2892
737
7571
7105
1182
8461
4232
6579
3750
9969
4561
564
9685
311
4671
8410
3
791
8893
8062
7494
6708
3080
2890
6098
5434
9471
866
4608
8138
8186
354
6481
9173
3508
7083
6399
4902
6287
4235
8284
2428
8400
138
2432
8278
948
9117
4435
3279
4706
7854
9427
3250
925
672
359
3046
7116
4383
8488
6466
5959
916
4164
2460
8111
6474
9005
849
1781
5201
6500
4675
9709
516
1894
6702
1640
4720
7761
4106
2418
2732
558
1822
1029
502
3092
5757
5968
6878
4072
4686
5655
4662
2154
1078
335
1978
3961
1662
1869
3574
4545
8688
1827
2363
4542
3180
3570
8248
5770
8561
4369
8066
8679
4469
1077
5139
3669
6015
5127
9902
1265
3917
1250
6047
6921
8372
5432
3413
4240
7031
5821
5339
7308
237
6940
7354
2580
3528
4335
8631
4121
9671
3150
2130
4492
659
3878
3075
3241
153
213
5881
5136
9789
9160
6890
7108
842
5383
5057
7011
2470
4185
8962
2222
9571
7328
8890
6437
4118
8897
2954
3873
984
1406
4591
8383
1904
6665
3699
7174
7772
9175
8774
2145
3214
301
2346
2394
1701
1041
7342
5759
3528
7816
4987
2394
5286
3705
4217
8982
4288
3265
5958
7210
5629
430
5359
705
7399
1895
8333
5204
5765
7111
4496
7484
491
3243
2283
6275
5544
9308
6523
2667
8264
354
3082
3165
811
8749
7040
2647
3618
5346
4285
7505
1588
9399
3195
3396
2234
2707
5922
3722
1796
1075
2676
615
5610
3560
8808
4098
3027
6062
9823
2291
8802
1655
2222
2351
3378
9016
4405
1083
7501
9374
6763
8853
9617
5996
5883
1772
9905
5075
7894
1644
6094
1532
2796
3875
515
5690
5133
836
2640
1188
8617
7966
2493
3788
6614
7317
3613
3563
7627
9513
3728
7882
6524
384
9527
1222
5640
7812
410
5041
5967
6817
1313
5923
2228
3412
3507
6487
7646
2041
7699
3201
4317
6986
150
8535
3617
913
7498
4195
909
3867
2350
394
9108
8838
7653
8526
1173
3500
9916
5519
1998
1466
4007
4124
8008
5805
3424
690
865
2858
9487
1124
2014
6228
993
8412
7789
5532
7357
9724
4470
3571
1425
5785
9556
9183
7247
7358
8815
4049
3109
561
2413
4675
1475
4675
8265
4212
4381
6391
8995
648
2161
671
5632
3574
8882
1089
3314
9091
6922
4927
7745
6050
9968
5399
8185
7206
6663
9816
8367
9930
5231
2524
2636
8600
9506
4336
1001
9657
329
7805
1404
8405
8201
3785
218
9675
315
9223
6096
624
4157
818
3319
5541
881
7080
2260
1736
8525
6430
7815
